$ANSIBLE_VAULT;1.1;AES256
38386131393335613331626363646639393834653734383466306137303132613731393531383664
3434613732623764306264653430633030653837653134330a353738333935623532326437633262
66313766646635633735633130626632646334623634356662386435633232636265613539343631
6264393364356661310a396338616334323839396239396362633066313332326438383733306366
35643031626364373834366233373562343530353261323534333935313833356430373732653266
39366638316138303234633731303564363862333138616637623364386264663736643962633666
63313661653761313332356332323330646335356666393835633137323030386162323361643030
64373438313166356534343037393132666239336664313339636536323464313161643135636339
38393366386333343064383738656530366661333665663133613235623364626365333331623563
31336363346338396232386361633139333162363137313238623461626166363734333264653131
32356434656235323631303530653062633737363165313065363563376562636661323863623932
63363635343163663564343062313538333639366364326564616332336163643631323466393333
30393534663130356433636438313430363831326136356233373432626531623637643764363530
61623132626138633637353530306435316534326563386434313763633936613835333939393430
33623438353933356134656336633532346564653239623261313633373565363135646265316231
62306366373834646262316661616365623966666465306431316264353865353734393830623934
39303831653965653461626465646463346261383437383337643136316130656236616434313035
33386336383561626633636430316663333230643636333831643033356339313535383133636634
33666265303338383137303362313531616464646330653834333630616636623835396364363437
65613230616462626339353361386339636536303735663437306361373730303837396562646239
36353735623465666531643636643063343933653138363364616465343839663836303033643230
32626532623630356263356263616433653033343466643537666536383664343265396364386538
33386161326639643938353231353161326465366636393737313730663937326131366534623536
63323931323639323138363935653262333230313634653232653234643034356135643763643534
38313232656665643661376632383935343435623362663665633232623033346337316161396235
32613830303536306661323539626331313034356539646130616136636331316163356435636262
66333163363235303238613539373732336533656131366137333163653838343965383938376432
66656464356130386662663732613763353031366134373266313130306563646261646539636431
31653331636664343831393536636637303335393863303637376361643364663034663439616263
65636665346238376163346236323162346235643832306532303665363833663632613562386466
35363436333738323635643430313234326532633932666539666536343561633165353933323438
33663465343530613131323731316234333366363762646666386639393839633765363335326534
32666138343235613066626637373962313530346436343436346337653330333833646430316461
38666636346266346165373838353336313362333632323266393164653434393133396266323137
35333434373930663835353230326561386435663561363939313634653730643932373834656366
34363130363932653437363432636230646134303137376239373630643436303466386165646132
65616466303437653732653838363436666636353936353736313562346138306136316638653361
33633335366438313134636232373837613262663635346434613334303961396531383161373037
66393233376264666561343034376339666533356337326432353666623566646633363031633062
39643231663139336265613861653339356563383631393038633930303762336536623030383030
3335
